2441
2707
3183
3238
3399
3610
3816
3905
4009
4144
4380
4502
4631
4782
4853
4991
5082
5219
5312
5500
5738
5815
5955
6063
6577
6824
7075
7256
7343
7459
7583
7706
7820
7878
7999
8175
8238
8393
8455
8660
8704
8757
8805
8932
9035
9096
9174
9353
9635
9738
9842
9899
9955
10009
10098
10122
10174
10218
10258
10351
10397
10477
10522
10600
10664
10709
10743
10788
10833
10898
10947
10999
11156
11304
11338
11383
11451
11481
11552
11618
11692
11747
11809
11858
11892
11963
12024
12103
12156
12177
12413
12561
12713
12788
12925
13019
13108
13538
13616
13706
13825
13969
13992
14013
14068
14108
14273
14388
14511
14700
14817
14890
14910
14929
15050
15172
15264
15355
15446
15595
15684
15778
15831
15875
15929
15954
16110
16195
16259
16371
16583
16705
16766
16808
16828
16849
16884
16945
17063
17138
17200
17309
17387
17450
17515
17569
17663
17727
17809
17882
17943
18027
18113
18215
18290
18365
18431
18512
18591
18654
18720
18845
18893
18915
19777
20144
20436
20912
21282
21399
21464
21641
21723
21758
21834
21860
21885
21951
21990
22083
22122
22191
22219
22294
22337
22422
22464
22605
22701
22771
22827
22901
22957
23055
23184
23283
23349
23431
23516
23575
23658
23743
23807
23896
23974
24040
24106
24153
24232
24296
24393
24470
24529
24586
24680
24745
24811
24893
24956
25008
25222
25284
25348
25442
25517
25580
25663
25690
25712
25732
25763
25808
25845
25910
26011
26088
26178
26294
26478
26569
26651
26683
26727
26784
26834
26886
26939
27131
27230
27433
27554
27718
27783
27882
28154
28339
28422
28547
28664
28779
28855
29059
29171
29436
29577
29813
30142
30275
30447
30583
30713
30884
31239
31316
31395
31454
31557
31631
31693
31717
31878
31111111