2170
2972
3468
3672
3838
3948
4074
4308
4427
4544
4719
4908
4958
5113
5136
5186
5377
5429
5616
5676
5922
6108
6168
6224
6712
6894
6957
7008
7162
7282
7398
7516
7760
7938
8279
8337
8573
8674
8788
8896
9018
9079
9294
9618
9766
9856
9912
9967
10022
10142
10202
10245
10296
10408
10507
10586
10770
10882
10961
11125
11187
11225
11263
11321
11365
11482
11568
11669
11778
11908
11999
12088
12142
12302
12588
12831
12891
13078
13200
13435
13582
13733
13942
14049
14091
14297
14420
14478
14727
14971
15000
15023
15202
15279
15382
15569
15710
15776
15866
15923
15983
16075
16205
16285
16400
16642
16791
16820
16901
16959
17074
17152
17215
17370
17432
17496
17616
17678
17741
17825
17896
17958
18054
18150
18272
18348
18415
18481
18571
18637
18702
18786
18858
18905
19330
19600
20026
20261
20492
20797
21261
21384
21492
21677
21743
21774
21844
21903
21969
22009
22090
22134
22201
22269
22327
22389
22463
22572
22686
22743
22803
22870
22947
23024
23085
23144
23232
23299
23363
23448
23529
23589
23671
23756
23823
23909
23990
24056
24135
24213
24278
24375
24454
24513
24571
24650
24727
24793
24869
24944
24975
25028
25160
25197
25262
25332
25412
25498
25559
25683
25711
25743
25774
25816
25863
25945
26116
26192
26267
26388
26415
26497
26662
26705
26753
26798
26846
26901
26953
27287
27459
27580
27708
27752
27848
28180
28396
28518
28729
28803
28871
29133
29337
29469
29607
29868
30210
30543
30674
30935
31187
31263
31335
31419
31506
31749
11111111