2576
3204
3366
3597
3784
3872
3975
4183
4486
4662
4836
5007
5028
5068
5240
5260
5553
5799
5990
6045
6465
6806
7131
7225
7372
7427
7612
7677
7849
8035
8147
8175
8206
8423
8486
8625
8729
8870
8990
9064
9140
9219
9381
9532
9587
9647
9681
9802
9869
9924
9980
10034
10108
10129
10188
10237
10367
10456
10539
10617
10680
10727
10821
10915
10976
11040
11073
11092
11173
11304
11338
11413
11508
11601
11653
11731
11839
11922
12062
12129
12164
12244
12311
12334
12415
12476
12653
12771
12954
13010
13167
13514
13647
13762
13855
13910
13979
14002
14020
14077
14116
14136
14154
14185
14214
14323
14449
14543
14636
14754
14869
14902
14919
15107
15232
15295
15414
15473
15627
15793
15854
15905
15968
16139
16223
16314
16429
16554
16800
16816
16840
16912
16968
17091
17167
17228
17259
17278
17339
17416
17479
17552
17633
17692
17754
17851
17911
17996
18094
18184
18246
18331
18397
18463
18542
18621
18685
18767
18873
18904
19544
19711
20086
20376
20739
20982
21236
21344
21410
21435
21518
21584
21633
21733
21787
21850
21897
21960
22000
22036
22056
22101
22143
22207
22252
22314
22357
22451
22510
22661
22711
22789
22842
22933
22997
23070
23198
23251
23314
23382
23480
23543
23601
23689
23773
23835
23928
24003
24070
24198
24260
24338
24439
24497
24557
24631
24711
24775
24854
24934
24969
25015
25127
25178
25250
25316
25397
25485
25544
25678
25701
25724
25743
25793
25864
25886
25934
26031
26134
26208
26230
26246
26360
26517
26614
26692
26737
26810
26861
26914
26964
27041
27196
27380
27490
27613
27731
27824
28006
28097
28209
28366
28482
28606
28820
28885
28974
29099
29250
29369
29506
29643
29781
29905
30037
30174
30308
30417
30511
30615
30831
30981
31212
31281
31351
31411
31482
31605
31681
31706
31728
31850
41111111