2294
2836
3112
3433
3507
3634
3710
3826
3936
4041
4111
4364
4598
4750
4972
5098
5200
5328
5448
5585
5707
5872
5934
6080
6348
6644
6863
7021
7074
7194
7313
7488
7551
7733
7789
7907
7968
8364
8516
8664
8771
8963
9050
9114
9247
9325
9412
9626
9711
9829
9886
9940
9996
10055
10155
10230
10340
10428
10494
10556
10648
10759
10852
10931
11021
11140
11204
11264
11322
11399
11433
11481
11538
11636
11717
11789
11875
11943
11999
12043
12117
12151
12208
12350
12429
12535
12683
12904
13042
13139
13315
13374
13553
13678
13794
14041
14099
14244
14352
14483
14576
14667
14786
14981
15009
15031
15139
15252
15326
15542
15657
15769
15844
15893
15947
15996
16016
16084
16166
16240
16342
16613
16676
16738
16801
16832
16865
16927
17036
17124
17186
17322
17402
17466
17587
17648
17711
17788
17867
17928
18043
18129
18227
18304
18381
18447
18527
18608
18668
18749
18820
18884
18947
19655
20196
20315
20860
21310
21394
21449
21551
21710
21805
21869
21937
21981
22020
22071
22113
22165
22223
22305
22351
22440
22540
22634
22696
22780
22837
22911
22972
23036
23171
23269
23334
23416
23499
23560
23625
23717
23790
23860
23959
24023
24087
24169
24246
24323
24411
24485
24544
24617
24697
24762
24827
24919
24991
25037
25232
25301
25367
25465
25531
25600
25647
25696
25729
25787
25827
25867
25922
26062
26152
26325
26452
26540
26673
26715
26765
26823
26876
26928
27165
27256
27404
27523
27644
27715
27802
28123
28247
28450
28574
28766
28839
28911
29206
29401
29542
29840
30244
30480
30646
30909
31226
31299
31375
31434
31529
31779
211111111