1222
1524
1851
2000
2162
2455
2771
3074
3233
3390
3800
3945
4044
4159
4180
4201
4304
4430
4617
4656
4774
4869
4946
5068
5219
5259
5336
5465
5544
5702
5726
5816
5892
5958
6045
6094
6136
6174
6216
6260
6300
6338
6374
6411
6483
6504
6556
6578
6633
6653
6710
6730
6782
7084
7416
7574
7716
8024
8432
8674
8803
8985
9135
9236
9522
9627
9854
9997
10168
10268
10384
10430
10518
10567
10627
10682
10735
10787
10849
10906
10965
11002
11042
11061
11127
11193
11250
11307
11353
11427
11496
11548
11619
11690
11737
11805
11870
11913
11970
12051
12128
12204
12263
12308
12391
12422
12458
12510
12568
12630
12711
12790
12872
12933
13020
13097
13135
13195
13246
13337
13411
13492
13591
13655
13715
13814
13897
13966
14052
14126
14260
14285
14394
14573
14681
14802
14823
14843
15014
15091
15169
15281
15363
15443
15605
15721
15872
15954
16031
16100
16245
16325
16468
16496
16546
16632
16728
16825
16879
16961
17077
17155
17233
17400
17438
17481
17515
17545
17643
17722
17802
17906
18063
18201
18254
18291
18351
18427
18509
18659
18930
19087
19237
19527
19972
20160
20314
20474
20763
20932
21090
21415
11111111