1363
1593
1635
1676
1713
1978
2134
2270
2350
2587
2818
2864
2907
2945
3207
3366
3506
3584
3736
3856
3873
3892
4003
4021
4102
4252
4356
4375
4540
4703
4828
4969
5018
5125
5144
5163
5283
5372
5407
5521
5640
5658
5674
5772
5862
5985
6078
6124
6165
6442
6464
6523
6543
6598
6617
6675
6693
6755
6907
7132
7178
7217
7256
7528
7679
7818
7890
8119
8343
8849
9053
9320
9377
9570
9644
9685
9702
9896
10042
10206
10300
10412
10504
10554
10611
10667
10721
10772
10831
10891
10948
11000
11031
11051
11069
11150
11208
11259
11318
11367
11439
11480
11532
11598
11669
11714
11783
11855
11935
11968
12015
12098
12188
12284
12401
12473
12556
12615
12701
12770
12855
12934
13010
13087
13119
13180
13279
13351
13435
13514
13539
13553
13631
13702
13787
13861
13941
13990
14072
14151
14202
14284
14302
14514
14592
14741
14900
15031
15112
15190
15301
15383
15466
15544
15625
15749
15791
15848
15933
16012
16134
16162
16180
16267
16351
16425
16441
16557
16668
16752
16774
16832
16862
16912
16984
17006
17095
17174
17253
17380
17484
17516
17561
17588
17665
17740
17822
17939
18364
18444
18547
18683
18816
19047
19203
19336
19417
19548
19645
19715
19818
20011
20281
20432
20493
20566
20647
20895
21049
21186
21263
21439
41111111