1239
1536
1870
2022
2163
2474
2780
3092
3249
3398
3690
3782
3819
3927
3963
4063
4143
4217
4286
4322
4412
4465
4579
4662
4722
4745
4792
4847
4891
4953
5048
5088
5198
5239
5346
5445
5485
5561
5691
5715
5736
5806
5900
5967
6026
6057
6106
6145
6182
6229
6271
6311
6347
6382
6418
6484
6504
6557
6579
6633
6654
6710
6731
6794
7092
7436
7586
7736
8035
8174
8432
8674
8804
8986
9136
9249
9537
9591
9879
10024
10189
10340
10396
10437
10530
10600
10656
10711
10760
10819
10878
10935
10978
11083
11162
11232
11276
11332
11388
11465
11520
11581
11655
11697
11776
11839
11877
11947
12008
12089
12170
12230
12298
12357
12400
12485
12549
12596
12692
12751
12837
12906
12994
13072
13103
13171
13214
13264
13301
13346
13376
13457
13528
13612
13660
13777
13824
13932
14007
14092
14170
14226
14329
14478
14534
14613
14697
14780
14858
14917
14993
15052
15132
15209
15320
15404
15487
15566
15641
15731
15824
15913
15993
16048
16110
16204
16287
16456
16484
16505
16582
16736
16792
16930
16985
17035
17118
17197
17276
17361
17440
17484
17519
17557
17602
17684
17763
17843
17906
17982
18062
18216
18254
18291
18313
18396
18471
18590
18667
18971
19123
19277
19569
19896
20049
20204
20355
20514
20817
20971
21129
21421
211111111