1261
1426
1539
1741
1892
2043
2201
2279
2356
2502
2659
2730
2970
3116
3269
3429
3582
3711
3758
3838
3911
3983
4083
4122
4235
4271
4340
4395
4507
4685
4812
4956
5033
5106
5181
5276
5362
5428
5504
5582
5647
5666
5682
5760
5853
5976
6009
6071
6118
6157
6240
6290
6328
6361
6396
6443
6464
6524
6543
6599
6617
6674
6693
6754
6824
6985
7102
7295
7456
7608
7756
7837
7910
8057
8485
8806
8849
9054
9280
9341
9396
9554
9611
9943
10067
10245
10400
10534
10583
10642
10697
10748
10803
10863
10921
10983
11096
11170
11241
11287
11335
11403
11447
11506
11562
11638
11703
11765
11822
11865
11892
11955
11991
12036
12074
12106
12150
12247
12293
12315
12382
12411
12435
12482
12533
12580
12669
12733
12814
12892
12973
13053
13106
13159
13194
13231
13318
13393
13476
13523
13547
13622
13689
13741
13795
13847
13926
14032
14110
14244
14436
14555
14628
14647
14663
14718
14764
14879
14937
14955
14972
15073
15151
15243
15343
15425
15509
15586
15666
15735
15808
15892
15974
16123
16227
16307
16414
16436
16527
16597
16740
16813
16845
16897
16945
17053
17136
17215
17303
17324
17344
17463
17498
17545
17624
17705
17781
17861
18014
18332
18409
18487
18624
18669
18704
18744
18781
18951
19107
19257
19357
19436
19590
19664
19735
19933
20181
20334
20589
20670
20788
20951
21109
21209
21286
21418
31111111